Accra;5.56;-0.21;30
Adamstown;-32.94;151.73;20.04
Algiers;29.94;-90.04;15.39
Alofi;-19.06;-169.92;25
Amman;31.95;35.92;12.05
Amsterdam;52.37;4.89;6.26
Ankara;39.92;32.85;2.51
Antananarivo;-18.91;47.53;31
Apia;9.23;7.26;32
Ashgabat;37.94;58.39;7
Asmara;15.34;38.93;20.32
Asunción;-25.3;-57.63;17
Athens;37.98;23.73;13.99
Avarua;-21.21;-159.78;25
Baghdad;33.3;44.38;17
Baku;40.38;49.83;9
Bamako;12.65;-8;30
Bangkok;13.75;100.49;28.06
Bangui;4.39;18.55;31
Banjul;13.46;-16.58;22
Basseterre;10.12;-61.29;24.6
Beijing;39.91;116.39;-0.07
Beirut;33.9;35.48;12.22
Belgrade;44.82;20.46;0
Belmopan;17.25;-88.77;20.25
Berlin;52.52;13.39;3.32
Bern;46.95;7.45;2.47
Bishkek;42.88;74.61;0
Bissau;11.86;-15.58;29.99
Bogotá;4.6;-74.08;6
Brasília;-15.79;-47.88;22
Bratislava;48.15;17.11;0
Brazzaville;-4.27;15.27;28
Bridgetown;-33.96;116.14;19.69
Brussels;50.85;4.35;4.75
Bucharest;44.44;26.1;1.51
Budapest;47.5;19.04;-1
Cairo;30.05;31.24;20
Canberra;-35.3;149.1;20
Caracas;10.51;-66.91;23.01
Castries;43.68;3.99;10.89
Chișinău;47.01;28.86;8.32
Conakry;9.52;-13.7;30.19
Copenhagen;55.69;12.57;8.25
Dakar;14.69;-17.45;23.52
Damascus;33.51;36.31;13
Dhaka;26.67;85.17;23.01
Dili;-8.55;125.58;28.81
Djibouti;11.59;43.14;29
Dodoma;-6.18;35.75;29
Doha;25.29;51.53;25.36
Douglas;58.28;-134.39;1.13
Dublin;53.35;-6.26;9.76
Freetown;26.61;-78.36;21.97
Funafuti;-8.52;179.19;28.82
Gaborone;-24.66;25.91;16
GeorgeTown;6.8;-58.16;24.92
Georgetown;6.8;-58.16;24.92
Georgetown;6.8;-58.16;24.92
Gibraltar;7.03;-72.14;21.59
Gitega;-3.43;29.93;23.16
Gustavia;17.9;-62.85;26.67
Hamilton;43.26;-79.87;-0.48
Hanoi;21.03;105.85;18
Harare;-17.83;31.05;24
Havana;23.14;-82.37;12.89
Helsinki;60.17;24.94;4.49
Honiara;-9.43;159.96;26
Islamabad;33.69;73.06;21
Jakarta;-6.18;106.83;29.11
Jamestown;-33.21;138.6;14.66
Jerusalem;31.78;35.23;19.89
Juba;57.82;26.93;2.64
Kabul;34.53;69.18;13.45
Kampala;0.32;32.58;26
Kathmandu;27.71;85.32;16
Khartoum;15.59;32.54;32
Kiev;50.43;30.52;5.21
Kigali;-1.95;30.06;20
Kingston;17.97;-76.79;24.04
Kingston;17.97;-76.79;24.04
Kingstown;54.92;-2.94;9.08
Kinshasa;-4.32;15.31;28
Libreville;0.39;9.45;29
Lilongwe;-13.97;33.79;25
Lima;-12.06;-77.04;19
Lisbon;38.71;-9.14;14.44
Ljubljana;46.05;14.51;6.34
Lomé;6.13;1.22;31
London;51.51;-0.13;11.58
Luanda;-8.83;13.24;30
Lusaka;-15.42;28.28;24
Luxembourg;49.61;6.13;2.6
Madrid;40.42;-3.7;9.66
Majuro;7.09;171.38;27
Malabo;1.56;30.43;27.25
Malé;46.35;10.91;2.95
Managua;12.15;-86.27;22
Manama;25.33;56.02;27.25
Manila;14.59;120.98;27.84
Maputo;-25.97;32.57;25
Marigot;18.23;-72.32;24
Maseru;-29.31;27.48;19
Mata-Utu;-13.28;-176.17;27.94
Mbabane;-26.33;31.14;19.15
Mexico;39.17;-91.88;5.86
Minsk;53.9;27.56;0
Mogadishu;2.04;45.34;30
Monaco;43.73;7.42;11.85
Monrovia;6.33;-10.8;30
Montevideo;44.94;-95.72;-9.82
Moroni;35.09;24.92;16.09
Moscow;55.75;37.62;2.18
Muscat;23.6;58.55;27
Nairobi;-1.28;36.82;20.92
Nassau;46.81;15.34;-0.04
Naypyidaw;19.75;96.13;20.31
N'Djamena;19.75;96.13;20.31
Delhi;28.65;77.22;20.02
Niamey;13.52;2.11;31
Nouakchott;18.08;-15.98;20
Nouméa;-22.27;166.47;25
Nuuk;64.17;-51.74;-9.21
Oranjestad;12.52;-70.03;28
Oslo;59.91;10.74;1.64
Ottawa;45.42;-75.69;-5.54
Ouagadougou;12.37;-1.53;29.51
Panama;8.97;-79.53;24.87
Papeete;-17.53;-149.57;25.76
Paramaribo;5.82;-55.18;23.89
Paris;48.86;2.35;3.01
Philipsburg;46.33;-113.29;1
Plymouth;50.37;-4.14;11.64
Podgorica;42.44;19.26;12.7
Port-au-Prince;18.55;-72.34;24
Porto-Novo;6.5;2.63;29
Prague;50.09;14.42;1.18
Praia;-20.25;-43.81;20.65
Pretoria;-25.75;28.19;17.33
Pyongyang;39.02;125.75;-4.93
Quito;-0.22;-78.51;9.7
Rabat;34.02;-6.83;16.65
Ramallah;31.9;35.2;19.9
Reykjavík;64.15;-21.94;-0.48
Riga;56.95;24.11;1.92
Riyadh;24.63;46.72;25
Rome;41.89;12.48;13.66
Roseau;48.85;-95.76;-14
Saipan;15.21;145.75;26.54
Sana'a;15.21;145.75;26.54
Santiago;16.69;121.54;21.84
Sarajevo;43.85;18.39;-2
Seoul;37.57;126.98;-4.8
Singapore;1.29;103.85;28.18
Skopje;42;21.43;5.07
Sofia;42.7;23.32;-4
Stanley;54.87;-1.69;11.18
Stepanakert;39.82;46.75;6.01
Stockholm;59.33;18.07;6.31
Sucre;-19.05;-65.26;10.61
Suva;-18.14;178.44;25
Taipei;25.04;121.56;15.01
Tallinn;59.44;24.75;5
Tarawa;11.59;3.97;34.44
Tashkent;41.31;69.28;7
Tbilisi;41.69;44.8;7
Tegucigalpa;14.09;-87.2;13.93
Tehran;35.7;51.4;10.53
Thimphu;27.47;89.64;-1.74
Tirana;41.33;19.82;15
Tiraspol;46.85;29.64;8.42
Tokyo;35.68;139.76;8.09
Tripoli;37.51;22.37;17.2
Tskhinvali;42.23;43.97;3.83
Tunis;36.8;10.18;16.36
Ulaanbaatar;47.92;106.92;-21
Vaduz;47.14;9.52;3.43
Valletta;35.9;14.51;19.42
Vatican;8.99;38.74;21.32
Victoria;5.28;115.24;25.52
Vienna;48.21;16.37;1.12
Vientiane;17.96;102.61;22.96
Vilnius;54.69;25.28;0.87
Warsaw;52.23;21.01;3.22
Washington;38.9;-77.04;-0.63
Wellington;-41.29;174.78;16.07
Willemstad;6.33;-57.57;27.22
Windhoek;-22.57;17.08;17
Yamoussoukro;6.81;-5.27;32.98
Yaren;39.55;27.62;12.26
Yerevan;40.18;44.51;5
